$ 1 0.000005 10.20027730826997 50 5 43 5e-11
w 192 1008 112 1008 0
w 112 1008 16 1008 0
r 112 1008 112 960 0 100
g 112 960 112 912 0 0
t 208 1088 208 1008 0 1 0.62739642401781 0.6453246758623997 100 default
t 640 992 640 912 0 1 -0.4341538617815769 5.341538617555837e-10 100 default
t 752 1008 752 912 0 1 -1.5078031254720805 -0.4341538607025861 100 default
w 736 912 656 912 0
w 624 912 608 912 0
g 608 912 560 912 0 0
r 640 992 640 1056 0 1000
r 752 1008 752 1056 0 1000
L 752 1056 752 1104 0 0 false 5 0
L 640 1056 640 1104 0 0 false 5 0
w 768 912 848 912 0
r 848 912 928 912 0 1000
R 928 912 992 912 0 0 40 5 0 0 0.5
t 640 1200 640 1312 0 1 -4.999999220103103 -0.36714683059216763 100 default
w 656 1312 736 1312 0
r 736 1312 800 1312 0 1000
R 800 1312 864 1312 0 0 40 5 0 0 0.5
w 752 1056 800 1056 0
w 800 1168 800 1056 0
w 688 1200 640 1200 0
w 640 1200 608 1200 0
d 528 1200 608 1200 2 default
d 800 1200 688 1200 2 default
w 800 1168 800 1200 0
w 640 1056 528 1056 0
w 528 1056 528 1200 0
w 624 1312 256 1312 0
w 848 912 848 848 0
w 848 848 416 848 0
w 416 848 416 1008 0
d 416 1088 304 1088 2 default
162 16 1008 -48 1008 2 default-led 1 0 0 0.01
g -48 1008 -96 1008 0 0
w 416 1088 416 1008 0
w 304 1088 208 1088 0
w 224 1008 256 1008 0
w 256 1008 256 1312 0
w 224 1888 224 2192 0
w 192 1888 224 1888 0
w 272 1968 176 1968 0
w 384 1968 384 1888 0
g -80 1888 -128 1888 0 0
162 -16 1888 -80 1888 2 default-led 1 0 0 0.01
d 384 1968 272 1968 2 default
w 384 1728 384 1888 0
w 816 1728 384 1728 0
w 816 1792 816 1728 0
w 592 2192 224 2192 0
w 496 1936 496 2080 0
w 608 1936 496 1936 0
w 768 2048 768 2080 0
d 768 2080 656 2080 2 default
d 496 2080 576 2080 2 default
w 608 2080 576 2080 0
w 656 2080 608 2080 0
w 768 2048 768 1936 0
w 720 1936 768 1936 0
R 768 2192 832 2192 0 0 40 5 0 0 0.5
r 704 2192 768 2192 0 1000
w 624 2192 704 2192 0
t 608 2080 608 2192 0 1 0.7282560051972591 0.7462944315718376 100 default
R 896 1792 960 1792 0 0 40 5 0 0 0.5
r 816 1792 896 1792 0 1000
w 736 1792 816 1792 0
L 608 1936 608 1984 0 1 false 5 0
L 720 1936 720 1984 0 0 false 5 0
r 720 1888 720 1936 0 1000
r 608 1872 608 1936 0 1000
g 576 1792 528 1792 0 0
w 592 1792 576 1792 0
w 704 1792 624 1792 0
t 720 1888 720 1792 0 1 -3.2611206789694847 -0.017928248474932303 100 default
t 608 1872 608 1792 0 1 0.6330715918470955 0.6509998436838278 100 default
t 176 1968 176 1888 0 1 -0.754795569942154 0.7289859352852366 100 default
g 80 1840 80 1792 0 0
r 80 1888 80 1840 0 100
w 80 1888 -16 1888 0
w 160 1888 80 1888 0
w 768 1936 960 1936 0
d 960 1936 1088 1936 2 default
w 608 1936 672 1936 0
w 672 1936 672 2016 0
w 672 2016 960 2016 0
d 960 2016 1040 2016 2 default
t 1104 2016 1184 2016 0 1 0.6273964388216796 0.645324043610617 100 default
r 1040 2016 1104 2016 0 1000
w 1088 1936 1184 1936 0
w 1184 1936 1184 2000 0
w 1184 2032 1184 2096 0
w 1184 2096 1184 2160 0
r 1184 2096 1248 2096 0 100
g 1248 2096 1296 2096 0 0
g -400 2000 -352 2000 0 0
r -464 2000 -400 2000 0 100
w -464 2000 -464 2064 0
w -464 1936 -464 2000 0
w -464 1840 -464 1904 0
w -560 1840 -464 1840 0
r -608 1920 -544 1920 0 1000
t -544 1920 -464 1920 0 1 0.6273965522019507 0.6453241569938868 100 default
d -688 1920 -608 1920 2 default
w -976 1920 -688 1920 0
w -976 1840 -976 1920 0
w -1040 1840 -976 1840 0
d -688 1840 -560 1840 2 default
w -880 1840 -688 1840 0
w -1488 1792 -1568 1792 0
w -1568 1792 -1664 1792 0
r -1568 1792 -1568 1744 0 100
g -1568 1744 -1568 1696 0 0
t -1472 1872 -1472 1792 0 1 0.3206942682149685 0.702991271684382 100 default
t -1040 1776 -1040 1696 0 1 0.6330715918470107 0.6509998436870865 100 default
t -928 1792 -928 1696 0 1 -4.36347662589572 -0.017928247375919963 100 default
w -944 1696 -1024 1696 0
w -1056 1696 -1072 1696 0
g -1072 1696 -1120 1696 0 0
r -1040 1776 -1040 1840 0 1000
r -928 1792 -928 1840 0 1000
L -928 1840 -928 1888 0 0 false 5 0
L -1040 1840 -1040 1888 0 1 false 5 0
w -912 1696 -832 1696 0
r -832 1696 -752 1696 0 1000
R -752 1696 -688 1696 0 0 40 5 0 0 0.5
t -1040 1984 -1040 2096 0 1 0.7019129968068762 0.7201286292639111 100 default
w -1024 2096 -944 2096 0
r -944 2096 -880 2096 0 1000
R -880 2096 -816 2096 0 0 40 5 0 0 0.5
w -928 1840 -880 1840 0
w -880 1952 -880 1840 0
w -992 1984 -1040 1984 0
w -1040 1984 -1072 1984 0
d -1152 1984 -1072 1984 2 default
d -880 1984 -992 1984 2 default
w -880 1952 -880 1984 0
w -1040 1840 -1152 1840 0
w -1152 1840 -1152 1984 0
w -1056 2096 -1424 2096 0
w -832 1696 -832 1632 0
w -832 1632 -1264 1632 0
w -1264 1632 -1264 1792 0
d -1264 1872 -1376 1872 2 default
w -1264 1872 -1264 1792 0
w -1376 1872 -1472 1872 0
w -1456 1792 -1424 1792 0
w -1424 1792 -1424 2096 0
w -2848 1664 -2848 1968 0
w -2880 1664 -2848 1664 0
w -2800 1744 -2896 1744 0
w -2688 1744 -2688 1664 0
g -3152 1664 -3200 1664 0 0
162 -3088 1664 -3152 1664 2 default-led 1 0 0 0.01
d -2688 1744 -2800 1744 2 default
w -2688 1504 -2688 1664 0
w -2256 1504 -2688 1504 0
w -2256 1568 -2256 1504 0
w -2480 1968 -2848 1968 0
w -2576 1712 -2576 1856 0
w -2464 1712 -2576 1712 0
w -2304 1824 -2304 1856 0
d -2304 1856 -2416 1856 2 default
d -2576 1856 -2496 1856 2 default
w -2464 1856 -2496 1856 0
w -2416 1856 -2464 1856 0
w -2304 1824 -2304 1712 0
w -2352 1712 -2304 1712 0
R -2304 1968 -2240 1968 0 0 40 5 0 0 0.5
r -2368 1968 -2304 1968 0 1000
w -2448 1968 -2368 1968 0
t -2464 1856 -2464 1968 0 1 0.682417309509997 0.7016920227736803 100 default
R -2176 1568 -2112 1568 0 0 40 5 0 0 0.5
r -2256 1568 -2176 1568 0 1000
w -2336 1568 -2256 1568 0
r -2352 1664 -2352 1712 0 1000
r -2464 1648 -2464 1712 0 1000
g -2496 1568 -2544 1568 0 0
w -2480 1568 -2496 1568 0
w -2368 1568 -2448 1568 0
t -2352 1664 -2352 1568 0 1 -2.6537204983359404 0.3312908920818709 100 default
t -2464 1648 -2464 1568 0 1 0.6197418799020598 0.6376703191039508 100 default
t -2896 1744 -2896 1664 0 1 0.6083614240640887 0.6880252633604127 100 default
g -2992 1616 -2992 1568 0 0
r -2992 1664 -2992 1616 0 100
w -2992 1664 -3088 1664 0
w -2912 1664 -2992 1664 0
w -1664 1792 -2464 1792 0
w -2464 1792 -2464 1712 0
w 1184 2160 1184 2400 0
w -2352 1712 -2352 2416 0
w -2352 2416 -2320 2416 0
w -1776 2448 -2320 2416 0
t -1952 1328 -1952 1168 0 1 -2.886051546409264 0.0002303964514510648 100 default
w -1664 1792 -1664 1168 0
w -1776 2448 -1760 1328 0
w -1760 1328 -1952 1328 0
w -1968 1168 -2064 1168 0
w -2064 1168 -2208 1168 0
w -464 2064 -464 2208 0
w -464 2208 -2016 2208 0
w -2016 2208 -2016 1328 0
w -2016 1328 -2240 1328 0
t -2512 1136 -2512 1008 0 1 -4.650939204413736 0.34898108413924683 100 default
w -2240 1328 -2512 1328 0
d -2512 1328 -2512 1136 2 default
d -2208 1168 -2512 1136 2 default
r -2496 1008 -2400 1008 0 1000
R -2400 1008 -2304 1008 0 0 40 5 0 0 0.5
w -2608 1008 -2688 1008 0
162 -2688 1008 -2800 1008 2 default-led 1 0 0 0.01
g -2800 1008 -2944 1008 0 0
w 1184 2400 -1776 2448 0
d -1664 1168 -1936 1168 2 default
w -2528 1008 -2608 1008 0
g -2608 944 -2608 912 0 0
r -2608 1008 -2608 944 0 100
