$ 1 0.000005 10.20027730826997 50 5 43 5e-11
L 352 944 224 944 0 1 false 5 0
151 432 912 640 912 0 2 0 5
w 352 896 432 896 0
w 352 944 432 928 0
151 672 912 848 912 0 2 5 5
w 640 912 672 928 0
151 880 976 1040 976 0 2 5 5
w 848 912 880 960 0
s 272 1392 352 1392 0 1 true
w 864 1184 896 1232 0
151 896 1248 1056 1248 0 2 5 5
w 656 1184 688 1200 0
w 656 1184 688 1168 0
151 688 1184 864 1184 0 2 0 5
w 368 1216 448 1200 0
w 368 1168 448 1168 0
151 448 1184 656 1184 0 2 5 5
L 368 1168 240 1168 0 1 false 5 0
151 1136 1008 1344 1008 0 2 0 5
151 1136 1216 1344 1216 0 2 5 5
w 1040 976 1136 992 0
w 1056 1248 1136 1232 0
w 1344 1216 1440 1216 0
w 1344 1008 1424 1008 0
w 1344 1216 1136 1024 0
w 1344 1008 1136 1200 0
151 1520 1040 1760 1040 0 2 5 5
151 1520 1184 1760 1184 0 2 0 5
151 1872 1072 2064 1072 0 2 0 5
151 1872 1152 2064 1152 0 2 5 5
w 1424 1008 1520 1024 0
w 1440 1216 1520 1200 0
w 1520 1056 1456 1120 0
w 1520 1168 1456 1120 0
w 1456 1120 1456 1408 0
w 880 992 144 992 0
w 144 992 144 1296 0
w 144 1296 352 1296 0
w 352 1296 352 1392 0
w 896 1264 352 1296 0
w 352 1392 1344 1408 0
I 1344 1408 1456 1408 0 0.5 5
w 1760 1040 1872 1056 0
w 2064 1152 1872 1088 0
w 2064 1072 1872 1136 0
w 1760 1184 1872 1168 0
w 2064 1072 2160 1072 0
w 2064 1152 2144 1152 0
M 2144 1152 2240 1152 0 2.5
w 2064 1072 2064 1312 0
w 2064 1312 320 1344 0
w 320 1344 320 1216 0
w 320 1216 368 1216 0
w 2160 880 352 864 0
w 640 912 672 896 0
w 352 864 352 896 0
w 2160 880 2144 1152 0
L 272 1392 192 1392 0 1 false 5 0
w 2160 1072 2576 1072 0
w 2576 1072 2592 416 0
162 2592 416 2592 304 2 default-led 1 0 0 0.01
g 2592 304 2592 240 0 0
w 4640 880 4624 1152 0
w 2832 864 2832 896 0
w 3120 912 3152 896 0
w 4640 880 2832 864 0
w 2800 1216 2848 1216 0
w 2800 1344 2800 1216 0
w 4544 1312 2800 1344 0
w 4544 1072 4544 1312 0
M 4624 1152 4720 1152 0 2.5
w 4544 1152 4624 1152 0
w 4544 1072 4640 1072 0
w 4240 1184 4352 1168 0
w 4544 1072 4352 1136 0
w 4544 1152 4352 1088 0
w 4240 1040 4352 1056 0
I 3824 1408 3936 1408 0 0.5 5
w 2832 1392 3824 1408 0
w 3376 1264 2832 1296 0
w 2832 1296 2832 1392 0
w 2624 1296 2832 1296 0
w 2624 992 2624 1296 0
w 3360 992 2624 992 0
w 3936 1120 3936 1408 0
w 4000 1168 3936 1120 0
w 4000 1056 3936 1120 0
w 3920 1216 4000 1200 0
w 3904 1008 4000 1024 0
151 4352 1152 4544 1152 0 2 5 5
151 4352 1072 4544 1072 0 2 0 5
151 4000 1184 4240 1184 0 2 0 5
151 4000 1040 4240 1040 0 2 5 5
w 3824 1008 3616 1200 0
w 3824 1216 3616 1024 0
w 3824 1008 3904 1008 0
w 3824 1216 3920 1216 0
w 3536 1248 3616 1232 0
w 3520 976 3616 992 0
151 3616 1216 3824 1216 0 2 5 5
151 3616 1008 3824 1008 0 2 0 5
L 2848 1168 2720 1168 0 1 false 5 0
151 2928 1184 3136 1184 0 2 5 5
w 2848 1168 2928 1168 0
w 2848 1216 2928 1200 0
151 3168 1184 3344 1184 0 2 0 5
w 3136 1184 3168 1168 0
w 3136 1184 3168 1200 0
151 3376 1248 3536 1248 0 2 5 5
w 3344 1184 3376 1232 0
w 3328 912 3360 960 0
151 3360 976 3520 976 0 2 5 5
w 3120 912 3152 928 0
151 3152 912 3328 912 0 2 5 5
w 2832 944 2912 928 0
w 2832 896 2912 896 0
151 2912 912 3120 912 0 2 0 5
L 2832 944 2704 944 0 1 false 5 0
w 2576 1072 2576 1392 0
w 2576 1392 2832 1392 0
w 6912 1040 7328 1040 0
w 6912 848 6896 1120 0
w 5104 832 5104 864 0
w 5392 880 5424 864 0
w 6912 848 5104 832 0
w 5072 1184 5120 1184 0
w 5072 1312 5072 1184 0
w 6816 1280 5072 1312 0
w 6816 1040 6816 1280 0
M 6896 1120 6992 1120 0 2.5
w 6816 1120 6896 1120 0
w 6816 1040 6912 1040 0
w 6512 1152 6624 1136 0
w 6816 1040 6624 1104 0
w 6816 1120 6624 1056 0
w 6512 1008 6624 1024 0
I 6096 1376 6208 1376 0 0.5 5
w 5104 1360 6096 1376 0
w 5648 1232 5104 1264 0
w 5104 1264 5104 1360 0
w 4896 1264 5104 1264 0
w 4896 960 4896 1264 0
w 5632 960 4896 960 0
w 6208 1088 6208 1376 0
w 6272 1136 6208 1088 0
w 6272 1024 6208 1088 0
w 6192 1184 6272 1168 0
w 6176 976 6272 992 0
151 6624 1120 6816 1120 0 2 5 5
151 6624 1040 6816 1040 0 2 0 5
151 6272 1152 6512 1152 0 2 0 5
151 6272 1008 6512 1008 0 2 5 5
w 6096 976 5888 1168 0
w 6096 1184 5888 992 0
w 6096 976 6176 976 0
w 6096 1184 6192 1184 0
w 5808 1216 5888 1200 0
w 5792 944 5888 960 0
151 5888 1184 6096 1184 0 2 5 5
151 5888 976 6096 976 0 2 0 5
L 5120 1136 4992 1136 0 1 false 5 0
151 5200 1152 5408 1152 0 2 5 5
w 5120 1136 5200 1136 0
w 5120 1184 5200 1168 0
151 5440 1152 5616 1152 0 2 0 5
w 5408 1152 5440 1136 0
w 5408 1152 5440 1168 0
151 5648 1216 5808 1216 0 2 5 5
w 5616 1152 5648 1200 0
w 5600 880 5632 928 0
151 5632 944 5792 944 0 2 5 5
w 5392 880 5424 896 0
151 5424 880 5600 880 0 2 5 5
w 5104 912 5184 896 0
w 5104 864 5184 864 0
151 5184 880 5392 880 0 2 0 5
L 5104 912 4976 912 0 1 false 5 0
w 4640 1072 4800 1072 0
w 4800 1072 4800 1344 0
w 4800 1344 5104 1360 0
w 4800 1072 4816 640 0
w 4816 640 2512 560 0
w 2512 560 2512 416 0
162 2512 416 2512 304 2 default-led 1 0 0 0.01
g 2512 304 2512 240 0 0
w 7328 1040 7296 528 0
w 7296 528 2432 464 0
w 2432 464 2432 416 0
162 2432 416 2432 320 2 default-led 1 0 0 0.01
g 2432 320 2432 240 0 0
